14 79 79
4 59 78
8 25 77
13 33 71
13 34 36
4 37 59
8 8 24
8 52 67
2 40 71
13 34 72
12 9 10
1 28 72
1 69 73
8 22 44
1 40 46
5 45 66
9 11 59
4 22 52
13 27 32
1 22 34
13 71 75
13 63 71
13 29 78
8 18 46
9 7 61
13 12 25
3 5 59
3 6 24
1 5 66
2 48 52
6 73 74
3 17 33
13 45 58
13 56 67
13 26 44
6 24 74
13 8 32
6 66 70
8 18 23
3 51 67
13 48 68
2 13 72
6 70 77
1 35 66
2 5 68
4 4 16
4 44 52
1 46 75
2 44 59
2 7 28
1 5 43
4 59 68
13 44 70
14 8 60
14 73 77
8 10 24
5 52 59
3 5 72
3 46 73
9 22 59
2 6 68
6 35 60
13 36 71
1 19 62
1 31 73
1 35 43
1 6 16
13 29 68
4 13 78
1 16 29
8 17 40
13 44 47
9 52 59
13 4 11
1 47 53
9 29 75
3 17 23
14 8 73
13 45 48
8 10 37
8 2 33
6 21 53
13 67 72
13 17 71
6 28 34
13 29 45
3 31 79
4 47 48
2 24 71
4 28 34
2 6 22
13 10 67
13 51 68
6 20 65
6 73 77
13 13 78
8 23 69
1 1 35
8 35 43
14 13 21
2 70 79
2 2 24
4 73 77
13 47 70
8 12 59
3 23 52
4 32 45
2 24 48
8 28 40
13 29 58
12 2 72
2 5 71
2 46 72
13 39 71
13 10 44
1 34 73
1 26 69
1 5 46
13 32 68
1 1 12
8 42 59
8 2 23
13 16 60
3 31 33
1 31 40
3 2 6
14 45 66
9 4 13
13 69 71
4 13 45
6 4 75
2 13 52
2 5 48
13 70 72
2 28 31
13 62 68
1 5 23
13 73 77
3 68 72
13 12 67
13 32 45
13 51 58
1 27 47
13 13 68
8 23 59
4 10 11
13 16 73
4 43 45
2 24 38
13 42 67
1 44 71
4 23 71
6 19 73
13 13 45
1 1 2
13 51 71
1 8 10
1 27 60
8 23 72
6 4 29
8 24 37
14 53 60
1 12 16
1 23 25
6 4 65
6 45 66
2 45 74
2 5 38
13 10 11
1 34 40
1 25 71
3 5 6
1 5 13
6 27 54
8 19 43
1 37 45
2 38 71
13 32 35
13 43 44
1 26 72
1 67 73
1 70 78
13 25 32
13 16 63
4 8 77
1 19 32
3 52 59
13 68 73
3 71 72
8 45 73
1 13 74
2 22 67
6 34 70
2 46 52
2 38 48
9 39 59
1 34 53
4 23 61
2 68 70
1 45 62
13 12 70
13 13 35
13 32 48
3 7 28
2 52 67
2 31 44
2 23 40
14 45 46
8 33 75
10 23 59
3 2 71
2 5 28
14 59 66
4 23 38
1 44 74
13 8 77
8 46 50
13 12 47
1 15 16
13 16 17
8 8 23
14 44 59
13 34 71
1 28 71
1 40 45
8 33 52
7 68 78
8 37 59
1 14 29
2 2 79
1 6 25
1 44 51
13 27 67
4 45 70
3 24 71
2 19 24
13 13 25
1 15 29
6 29 66
9 23 46
2 33 44
13 26 43
1 2 32
13 27 44
4 5 11
13 11 36
6 70 76
1 22 46
1 46 74
2 22 70
1 25 51
6 27 34
8 19 23
13 60 77
4 59 67
13 33 60
6 29 43
3 5 71
4 27 34
2 19 37
8 44 52
2 6 67
13 45 70
8 10 59
8 22 33
3 6 72
9 23 59
2 52 70
14 47 59
1 2 45
1 22 23
1 13 54
6 36 60
1 6 15
1 25 28
13 29 67
13 8 44
6 26 46
4 4 28
2 44 71
7 10 68
2 7 40
8 59 72
8 17 75
13 45 47
1 20 34
13 67 71
1 28 74
1 69 75
1 13 31
2 2 46
2 22 24
3 2 51
13 11 26
13 71 77
2 7 17
2 67 68
13 60 67
13 12 27
9 52 71
1 47 65
8 40 72
6 21 29
4 8 11
13 45 60
3 28 44
1 28 51
1 20 47
8 22 23
6 21 65
6 62 66
9 11 38
13 3 63
6 74 77
4 33 40
8 24 69
1 2 35
1 8 78
1 13 44
9 4 35
13 48 70
4 47 60
13 8 34
13 11 39
2 5 70
8 28 75
2 17 44
4 7 23
3 5 38
14 50 59
3 24 51
13 33 63
13 44 72
8 21 35
14 23 78
2 6 70
3 2 5
1 2 12
8 43 59
6 43 66
13 17 60
4 22 44
13 36 73
3 31 68
13 8 11
1 31 75
2 13 51
13 11 16
1 46 54
13 70 71
9 37 45
1 5 22
8 6 33
11 45 77
3 68 71
1 68 78
4 17 50
13 10 56
6 20 54
13 3 17
3 5 51
13 13 67
13 16 72
2 2 13
9 23 39
13 18 32
8 24 59
1 2 25
8 35 68
1 8 68
14 13 46
10 60 73
13 21 43
1 4 34
2 24 73
11 11 61
2 68 79
3 5 28
1 5 35
6 27 76
2 6 24
5 73 74
6 10 23
6 50 59
14 23 68
2 8 70
6 65 75
8 23 71
2 51 68
4 70 74
8 35 45
14 13 23
6 54 65
14 53 59
13 47 72
6 36 53
7 25 68
6 28 49
13 29 60
1 4 47
1 5 12
8 46 59
8 6 23
2 5 73
2 38 70
1 34 75
4 28 49
1 26 71
3 45 77
14 23 45
13 32 70
1 20 27
13 16 62
8 8 68
9 44 52
8 12 38
3 23 31
4 39 63
13 25 67
13 17 63
8 12 74
13 21 33
4 13 47
6 37 74
3 22 71
6 20 21
1 53 65
2 28 33
1 5 25
8 38 68
13 32 47
8 8 45
13 13 70
8 42 74
13 25 44
13 16 75
3 52 71
3 23 44
4 12 59
4 13 24
5 28 34
2 13 31
6 4 54
4 16 29
6 76 79
1 12 41
2 22 79
1 44 73
8 38 45
2 46 64
4 4 60
1 34 65
3 45 67
6 27 79
8 19 68
13 13 47
8 23 38
13 4 78
3 7 40
13 43 69
14 4 21
2 8 73
1 11 17
2 52 79
2 23 52
1 41 45
4 34 60
2 5 40
4 24 46
6 49 75
14 59 78
13 10 13
1 34 42
1 25 73
8 19 45
9 73 77
2 38 73
13 72 73
12 7 12
13 16 29
8 8 35
1 67 75
1 51 67
8 23 51
2 31 33
4 33 72
2 33 79
2 5 17
9 46 64
6 18 64
6 37 77
14 7 44
13 11 71
4 9 16
2 68 72
1 26 51
9 8 73
13 1 26
13 12 72
8 23 28
13 45 69
3 48 68
13 16 42
3 6 71
13 1 62
2 11 68
6 4 21
4 18 69
6 34 49
13 27 56
3 2 73
4 45 59
3 22 51
13 11 48
14 59 68
13 42 72
14 70 77
1 26 28
8 19 35
8 59 71
8 8 25
14 44 61
13 34 73
2 6 79
1 28 73
1 32 43
13 26 68
2 5 7
4 10 78
9 4 57
1 25 40
13 8 56
4 26 59
9 68 78
4 8 10
2 7 52
1 5 67
3 24 73
13 1 16
1 16 76
13 13 27
2 11 22
2 71 73
3 67 71
13 56 68
8 41 72
13 26 45
2 52 59
3 28 79
8 37 38
4 18 59
10 61 78
1 21 47
4 10 55
8 33 67
8 18 24
3 51 68
8 19 25
4 59 69
8 25 68
13 12 39
13 44 71
4 4 53
2 17 79
6 29 45
6 20 76
3 5 73
4 48 59
13 1 29
13 45 72
8 33 44
13 8 10
2 33 59
1 31 74
13 26 58
4 10 68
1 22 25
4 11 33
2 2 71
1 25 30
1 23 69
13 11 51
13 44 48
6 20 53
7 10 70
8 59 74
1 16 66
2 6 46
3 28 33
8 10 38
1 28 40
11 10 11
4 29 59
6 21 54
3 6 51
8 44 67
13 67 73
9 34 47
8 10 74
8 51 75
9 53 60
3 40 43
14 13 45
3 73 77
2 2 48
3 70 71
2 24 72
1 6 30
13 21 78
1 5 34
2 67 70
13 60 69
1 16 43
13 10 68
6 29 35
2 40 52
2 51 67
4 70 73
13 47 71
13 18 44
1 2 37
3 8 73
8 28 41
1 6 7
13 48 72
6 66 74
3 51 71
8 25 35
2 5 72
13 10 45
8 40 51
3 5 40
14 23 44
13 43 78
1 30 76
1 21 27
1 13 23
2 2 38
13 36 75
13 29 36
13 8 13
8 12 73
6 4 76
10 10 61
4 32 59
13 11 18
13 29 72
3 5 17
1 23 72
13 73 78
13 44 51
2 17 59
14 8 77
8 42 73
6 43 45
4 22 23
1 19 43
1 31 54
6 4 53
8 43 74
1 8 70
1 12 40
13 21 45
3 23 79
4 13 59
13 10 35
8 40 41
6 19 74
13 4 77
13 43 68
6 21 34
3 46 67
8 73 74
13 1 71
1 30 66
8 23 73
8 24 38
6 24 45
9 13 53
13 25 56
2 51 70
5 5 63
1 23 26
9 40 43
4 24 45
2 24 52
1 22 67
9 17 59
13 10 12
3 5 7
8 25 38
4 25 46
1 68 70
2 38 72
13 10 48
13 43 45
1 26 73
1 30 43
8 23 50
1 1 16
13 32 72
3 7 52
2 2 5
13 36 42
3 71 73
1 31 44
3 23 33
1 42 53
2 31 68
1 12 30
2 5 52
3 22 73
13 10 25
1 34 54
2 68 71
4 38 78
13 12 71
13 13 36
13 4 67
13 51 62
13 43 58
4 8 55
13 13 72
2 11 67
8 35 37
13 16 77
1 40 69
3 52 73
13 42 71
1 44 75
13 8 78
8 18 69
4 46 59
13 12 48
1 34 67
4 23 75
5 31 46
6 19 77
8 23 40
7 12 62
13 35 67
4 8 68
1 31 34
6 53 75
4 12 38
9 13 56
2 5 6
4 13 39
6 45 70
13 27 68
6 37 66
13 11 60
2 37 74
4 11 78
1 34 44
3 25 68
1 25 75
1 66 76
1 26 40
4 23 52
8 46 64
13 32 39
13 72 75
4 4 75
1 15 30
2 71 72
3 67 70
8 8 37
13 35 44
13 1 51
1 51 69
2 23 31
3 40 52
3 44 59
8 12 43
8 45 77
12 9 59
13 27 45
8 37 73
6 37 43
4 11 55
2 22 71
13 8 68
8 18 59
8 19 24
2 67 79
13 60 78
13 11 73
14 8 11
2 38 52
9 39 63
13 4 34
13 13 39
13 45 71
8 42 43
1 15 43
9 12 45
9 5 6
13 16 44
6 21 76
3 6 73
11 61 78
6 53 65
2 52 71
14 47 60
1 40 72
2 2 70
2 22 48
1 25 29
13 8 45
14 7 23
4 11 68
14 59 70
4 4 29
8 19 37
8 59 73
13 13 16
13 16 21
4 7 70
13 34 75
3 17 59
8 10 73
1 28 75
9 53 59
1 32 45
9 76 79
2 33 71
13 27 35
3 2 52
13 11 27
13 71 78
1 54 69
1 6 29
5 30 62
4 26 61
7 23 52
1 5 69
13 72 78
2 11 24
13 56 70
1 51 72
1 40 62
2 22 38
4 34 42
6 66 73
13 8 35
3 51 70
13 27 48
13 48 71
14 59 60
4 23 32
2 7 31
3 24 52
4 59 71
13 44 73
8 41 51
4 8 25
2 48 68
2 6 71
1 29 30
6 21 79
1 13 22
2 51 79
6 54 76
13 8 12
13 18 56
4 3 31
2 2 73
2 22 51
13 29 71
1 12 62
1 23 71
13 12 18
9 18 69
3 5 52
13 34 42
1 17 33
2 6 48
13 45 51
1 1 25
6 29 60
2 73 74
13 67 75
8 2 72
8 43 73
14 13 47
13 8 25
3 70 73
9 59 78
1 54 72
2 24 74
2 44 52
2 28 44
4 59 61
4 25 68
4 17 64
2 17 71
13 10 70
9 10 78
1 5 72
9 22 52
6 65 76
6 35 53
4 33 44
3 31 59
8 24 73
2 24 51
4 66 77
8 25 37
8 17 33
7 52 59
13 10 47
9 18 59
9 10 55
14 23 46
2 6 38
13 32 71
1 1 15
8 51 67
8 24 50
1 2 16
2 31 67
13 25 68
8 35 59
1 13 25
13 36 77
6 54 79
13 77 78
7 44 59
3 31 72
1 12 29
4 13 48
2 5 51
4 16 53
13 62 71
1 5 26
1 23 74
1 16 35
9 10 68
13 3 21
14 23 59
2 40 44
5 3 6
2 6 51
13 13 71
4 51 52
13 25 45
2 70 72
1 19 45
2 73 77
1 42 65
8 28 33
13 29 51
1 23 51
2 13 68
8 17 23
9 21 54
13 13 48
1 1 5
6 23 46
4 50 64
8 8 59
2 8 74
13 1 73
8 23 75
2 11 79
1 2 6
11 10 78
13 36 67
14 45 59
1 12 19
1 23 28
1 22 69
1 25 74
1 5 16
8 38 59
1 16 25
1 26 75
4 7 79
8 50 69
8 23 52
13 25 35
9 32 45
1 7 61
3 39 43
8 12 42
1 31 46
4 20 54
2 13 22
2 31 70
14 26 59
2 24 31
13 58 68
6 49 53
13 42 60
1 12 32
3 4 21
13 8 67
12 10 59
13 11 72
2 38 51
2 17 28
13 10 27
2 68 73
3 5 22
14 23 26
6 27 70
8 19 59
6 19 66
3 7 31
13 43 60
13 16 43
1 27 53
13 35 56
8 12 19
6 24 37
9 13 45
13 25 48
1 40 71
3 44 71
2 5 31
3 22 52
4 24 37
13 42 73
1 5 6
2 46 68
5 13 31
13 39 67
9 43 45
1 30 35
8 23 42
2 11 46
3 7 44
13 17 21
4 8 70
1 71 72
6 4 35
1 13 67
1 44 54
6 26 59
13 27 70
4 45 73
13 39 44
13 11 62
1 22 72
1 34 46
13 72 77
6 23 26
13 16 33
1 51 71
3 17 71
6 53 54
2 23 33
8 22 59
4 22 67
10 11 78
13 27 47
6 37 45
6 70 79
1 41 62
2 22 73
1 25 54
1 44 67
13 8 70
6 38 46
13 11 75
13 4 36
5 1 16
4 7 59
2 48 67
4 68 75
8 52 59
9 8 77
8 71 72
13 45 73
1 20 60
12 9 38
4 12 30
8 64 69
2 52 73
1 22 26
1 40 74
8 22 72
2 2 72
6 34 53
1 25 31
13 8 47
6 45 62
13 4 13
4 23 44
1 37 41
13 13 18
2 11 13
1 67 69
4 29 60
3 6 52
8 52 72
13 34 77
3 40 44
1 40 51
1 13 34
13 18 68
1 43 62
13 11 29
1 54 71
1 46 67
1 25 44
13 8 60
2 67 71
4 59 60
8 25 59
13 44 62
6 29 36
8 40 75
2 28 79
1 5 71
13 45 63
1 28 54
13 56 72
8 37 42
13 18 45
4 10 59
14 13 59
3 51 72
13 11 42
4 4 21
2 7 33
4 59 73
1 28 31
13 3 43
2 48 70
2 6 73
1 28 67
1 2 15
1 40 41
1 73 75
1 32 37
3 31 71
13 29 73
13 21 69
1 4 60
1 23 73
13 33 43
13 4 16
3 24 67
8 6 72
2 40 43
3 17 28
8 10 42
1 28 44
2 70 71
2 33 40
13 67 77
13 18 35
2 31 79
2 2 52
13 8 27
2 74 77
4 13 60
2 13 67
13 11 32
1 54 74
6 28 75
14 38 78
6 20 34
3 5 31
2 7 23
9 21 53
7 21 60
8 10 19
13 10 72
13 51 73
4 28 75
6 20 70
6 21 35
3 5 67
13 3 33
8 23 74
1 2 5
8 2 51
2 51 71
4 70 77
4 20 76
14 68 78
3 8 77
14 46 59
1 6 11
1 5 15
4 13 73
4 16 78
3 13 48
2 28 59
1 26 74
3 5 44
1 5 51
7 70 78
14 8 68
13 13 60
1 28 34
8 2 28
2 2 6
13 26 29
9 47 60
13 18 25
13 25 70
14 13 39
8 12 77
3 51 52
1 4 27
9 7 23
1 23 40
4 24 59
4 28 29
13 62 73
1 5 28
3 6 22
14 23 61
9 22 44
9 54 76
13 13 73
8 23 64
1 1 30
8 42 77
2 31 46
13 25 47
8 35 38
13 16 78
13 17 43
3 31 51
3 8 67
8 35 74
4 3 13
6 49 65
1 11 79
4 5 59
2 46 67
2 17 40
13 10 39
14 39 46
3 45 70
8 23 41
1 27 65
3 46 71
13 35 68
6 53 76
8 23 77
6 4 34
8 24 42
2 31 59
4 20 79
6 4 70
1 22 71
1 25 76
3 5 11
8 8 38
1 27 42
13 35 45
4 27 59
13 16 68
8 8 74
13 17 33
1 19 37
1 11 33
8 37 74
2 13 24
4 5 13
2 72 73
2 22 72
6 34 75
13 39 56
1 6 76
6 20 27
1 26 54
8 38 74
12 44 59
13 4 71
6 23 38
3 7 33
13 43 62
13 16 45
4 8 59
7 68 70
4 39 46
2 11 71
2 52 72
1 21 60
8 22 71
1 40 73
12 10 38
4 45 62
2 5 33
8 68 74
13 42 75
1 25 66
1 26 31
8 19 38
1 37 40
6 19 45
2 46 70
2 48 79
8 52 71
8 23 44
2 11 48
13 25 27
13 16 58
9 16 29
1 60 65
1 71 74
6 53 79
8 45 68
13 26 71
13 18 67
3 40 79
1 13 69
1 25 43
6 34 65
1 4 20
6 26 61
8 18 50
6 45 74
13 27 72
6 37 70
3 22 67
1 6 66
1 26 44
13 45 62
3 7 23
13 56 71
13 35 48
8 41 75
1 51 73
9 34 60
9 24 46
1 13 46
3 52 67
13 8 36
6 26 38
8 37 77
1 22 51
4 11 59
14 59 61
1 6 43
4 23 33
13 8 72
8 59 64
4 59 72
13 11 77
2 59 79
6 20 79
4 7 61
10 45 77
9 33 72
2 6 72
2 11 38
3 28 59
13 3 78
1 73 74
8 12 24
14 66 77
1 22 28
9 9 16
2 22 52
4 42 60
1 44 46
4 23 46
1 26 34
8 59 77
13 33 78
8 10 77
8 22 51
2 2 51
4 22 59
14 16 53
13 27 39
13 18 70
2 37 45
1 54 73
13 63 78
1 46 69
1 25 46
1 12 76
12 4 23
6 59 61
2 67 73
13 60 72
13 12 32
13 10 71
4 37 43
12 4 59
3 6 31
1 5 73
3 17 40
6 21 70
3 6 67
2 33 52
1 31 67
13 26 51
13 18 47
8 24 74
1 2 40
1 21 53
11 23 45
13 29 62
13 8 39
6 66 77
2 13 79
13 11 44
4 44 59
8 67 71
8 59 67
8 25 74
6 10 38
13 3 45
3 5 79
2 48 72
1 20 65
1 40 43
1 13 26
13 36 78
13 8 16
3 2 46
6 4 79
3 22 24
4 32 62
13 71 72
13 29 75
1 12 66
13 21 71
1 23 75
13 33 45
4 25 59
2 44 79
1 47 60
2 28 71
2 6 52
1 28 46
1 1 29
8 2 40
1 15 76
1 20 42
9 11 33
2 70 73
9 23 44
8 24 64
1 2 30
8 43 77
8 35 73
13 17 78
4 55 59
1 12 43
11 45 59
4 4 13
1 46 72
14 39 45
3 5 33
1 5 40
3 24 46
8 6 51
1 1 6
6 50 64
8 2 17
13 43 71
3 46 70
8 73 77
2 51 73
2 2 31
6 54 70
3 23 59
8 24 77
2 13 46
4 13 75
2 46 79
2 17 52
3 5 46
3 6 11
9 70 73
14 8 70
1 49 59
1 15 66
13 16 67
8 8 73
3 31 40
13 18 27
8 51 71
2 31 71
13 25 72
13 69 78
13 29 42
2 24 68
3 5 23
1 4 65
1 5 30
1 37 62
8 38 73
6 21 27
14 4 13
6 65 70
2 19 74
13 13 75
2 11 70
2 31 48
2 23 44
13 17 45
4 73 74
13 47 67
4 13 29
2 24 45
8 68 73
1 4 42
14 7 59
13 39 68
4 23 78
8 19 73
8 23 43
13 35 70
1 71 73
6 4 36
1 29 76
1 72 74
13 27 71
6 45 73
13 39 45
1 22 73
13 10 18
1 34 47
1 53 60
3 5 13
13 13 29
13 4 60
13 43 51
3 67 73
13 16 34
13 35 47
2 31 38
13 25 39
2 2 11
11 73 78
6 4 49
4 5 15
2 5 22
1 33 59
4 34 78
13 8 71
1 34 60
4 23 68
6 19 70
13 13 42
8 23 33
13 4 73
5 12 62
8 12 23
2 11 73
10 10 11
2 31 51
1 29 66
1 40 75
3 52 79
6 34 54
13 8 48
4 45 64
14 59 73
13 42 77
4 23 45
2 7 44
9 8 55
4 38 61
2 38 68
1 27 34
13 1 44
13 34 78
8 23 46
3 28 71
1 29 43
4 49 75
13 68 70
8 33 59
3 44 52
13 26 73
1 2 62
9 46 59
13 58 62
1 22 40
1 13 71
1 33 49
6 18 59
4 45 77
2 67 72
6 19 24
13 60 71
13 39 48
1 26 46
9 8 68
4 19 24
13 13 32
8 8 43
1 51 75
8 37 43
9 13 39
9 53 75
14 13 60
4 22 71
8 33 72
3 51 73
1 43 76
3 22 46
4 11 61
13 11 43
6 19 37
8 38 43
8 25 73
13 12 44
2 48 71
4 19 37
3 17 52
8 44 59
1 17 59
9 11 55
3 6 79
1 21 65
3 40 71
4 11 38
1 41 43
1 25 35
13 11 56
9 39 46
4 44 71
4 4 35
13 75 77
13 1 11
8 10 43
4 21 60
8 44 72
13 67 78
3 2 22
1 2 29
8 2 75
1 21 42
9 4 29
2 22 31
13 18 72
1 43 66
6 70 73
9 19 45
1 54 75
1 6 35
1 46 71
4 23 25
9 7 70
2 59 71
4 37 45
8 8 10
6 21 36
3 5 68
1 5 75
6 65 79
1 17 49
13 45 67
2 51 72
8 74 77
12 38 59
1 31 69
9 26 61
1 13 51
1 6 12
6 28 53
9 4 42
13 21 60
11 11 78
8 59 69
4 59 77
8 17 72
6 29 53
3 6 46
9 23 33
13 67 68
1 69 72
1 2 19
13 25 71
1 13 28
1 32 41
13 8 18
3 23 71
9 59 71
2 24 67
13 29 77
1 5 29
8 6 40
13 44 56
2 25 68
7 10 78
10 45 59
2 48 51
13 3 60
3 31 52
13 18 39
14 13 53
2 23 79
13 48 67
1 12 45
1 23 54
2 13 71
2 5 67
8 28 72
1 34 69
14 23 39
14 8 59
2 6 31
8 10 23
8 50 59
1 20 21
13 43 73
2 8 77
8 24 43
3 8 45
7 44 52
8 12 68
1 31 72
1 72 73
1 23 31
2 13 48
13 11 13
2 5 44
9 25 68
1 46 51
13 21 63
1 23 67
8 25 43
3 5 48
3 6 13
3 28 31
8 42 68
2 51 52
13 16 69
6 35 36
9 44 59
13 47 56
8 12 45
2 31 73
13 58 71
12 52 59
13 29 44
1 12 35
6 34 76
1 23 44
2 24 70
4 16 59
2 17 31
2 28 40
13 4 72
8 42 45
13 43 63
3 19 45
4 8 60
2 8 67
13 13 77
5 55 59
8 23 68
2 11 72
9 13 48
8 35 42
13 36 60
4 13 31
2 13 38
1 25 67
4 5 63
4 46 64
14 7 61
2 46 71
13 39 70
2 38 67
14 11 68
1 34 72
2 7 79
13 1 43
8 23 45
13 32 67
13 35 72
4 8 73
8 12 35
1 31 39
1 71 75
3 23 28
8 24 46
2 5 11
2 23 59
13 29 34
1 12 25
1 4 21
1 23 34
2 46 48
3 22 68
1 22 75
13 39 47
8 46 69
2 6 11
13 32 44
1 15 35
13 16 36
8 8 42
3 46 52
3 59 71
1 51 74
2 31 40
11 10 61
1 19 41
3 52 68
8 33 71
1 10 78
3 2 67
4 5 17
2 5 24
2 64 73
2 24 37
6 34 79
13 8 73
8 18 64
8 38 42
13 11 78
5 13 24
4 4 57
8 8 19
4 68 78
13 34 67
13 13 44
8 23 35
13 4 75
8 12 25
4 60 73
6 53 70
8 45 59
13 26 62
6 4 28
4 31 46
1 12 15
1 25 34
4 45 66
1 74 75
7 23 44
6 27 53
8 19 42
13 12 56
1 15 25
13 16 26
6 29 62
1 67 72
13 35 39
2 40 79
8 44 71
2 11 52
8 22 52
1 40 54
13 68 72
8 37 68
1 10 68
10 23 45
13 18 71
1 13 73
2 67 74
13 60 73
2 46 51
13 11 68
13 4 29
2 7 59
1 5 74
9 8 70
13 13 34
8 23 25
1 20 53
13 3 69
3 6 68
4 33 46
6 53 60
4 12 23
4 52 59
8 37 45
13 18 48
1 1 76
1 2 41
9 45 73
1 40 67
4 34 47
4 53 60
3 2 70
13 11 45
4 3 59
4 23 37
8 67 72
8 59 68
13 33 69
13 4 42
1 7 11
2 48 73
1 51 54
8 10 68
1 29 35
1 69 71
1 40 44
1 32 40
8 33 51
10 11 61
4 33 59
4 52 72
10 31 39
13 71 73
11 23 59
13 63 69
6 28 65
9 7 59
13 60 63
13 11 58
3 24 70
3 17 31
13 45 56
3 28 40
8 10 45
3 7 17
8 2 41
2 70 74
2 73 79
3 2 24
1 1 66
1 13 40
4 45 46
10 10 78
2 13 70
13 11 35
2 24 79
4 4 14
1 46 73
2 67 77
13 44 68
8 8 12
3 5 70
2 40 59
3 17 44
8 44 51
13 34 60
8 51 59
1 1 43
6 43 62
8 33 41
1 31 71
1 43 45
9 59 60
13 11 12
2 2 68
2 22 46
1 4 53
8 25 42
13 12 13
2 5 79
13 44 45
14 39 59
1 5 54
8 10 35
3 6 48
13 67 70
8 51 72
1 69 74
8 43 68
1 21 34
2 31 72
13 17 69
9 4 21
13 29 43
13 48 56
4 13 53
13 11 25
1 54 67
3 5 24
1 5 31
8 17 51
13 44 58
4 17 59
8 10 12
9 54 79
8 23 67
8 43 45
2 70 77
2 2 22
9 44 71
13 47 68
6 4 60
8 24 68
3 8 70
8 35 77
2 24 46
4 47 59
2 13 73
8 17 28
1 34 71
2 28 52
1 26 67
3 45 73
1 5 44
8 19 74
8 10 25
4 61 78
13 35 71
4 39 59
8 24 45
1 42 47
9 13 60
13 36 72
1 11 59
1 72 75
2 5 46
1 22 74
8 28 51
9 28 75
13 73 75
8 25 45
1 16 30
8 17 41
5 13 46
2 38 79
13 3 16
3 46 51
9 70 77
3 7 59
13 16 71
8 8 77
1 19 40
3 31 44
1 31 51
3 23 40
1 42 60
9 13 73
2 5 23
2 23 71
4 3 6
13 58 73
14 45 77
9 16 78
1 12 37
1 44 69
1 23 46
4 13 56
2 5 59
2 17 33
13 10 32
1 6 79
8 38 77
13 32 56
3 46 64
4 27 75
13 1 68
8 72 75
8 51 52
6 4 27
8 24 35
2 31 52
1 7 79
9 24 59
1 11 49
8 68 77
13 42 78
1 25 69
1 37 43
2 46 73
13 39 72
1 34 74
1 67 71
8 19 77
13 1 45
13 13 56
8 50 64
2 11 51
9 3 13
13 68 71
13 47 48
8 12 37
4 12 45
4 5 6
2 5 13
1 13 72
4 13 46
6 45 77
6 37 73
3 22 70
13 11 67
2 38 46
2 17 23
1 34 51
4 23 59
6 27 65
12 44 52
2 6 13
13 12 68
8 23 24
2 71 79
5 20 57
3 67 77
3 19 37
13 1 58
8 24 25
3 40 59
1 32 62
3 52 70
4 13 23
4 53 59
2 72 79
1 2 76
9 46 73
1 22 54
4 16 28
14 70 73
1 44 72
13 8 75
13 12 45
4 4 59
4 23 72
5 12 30
2 7 71
2 19 45
8 23 37
13 45 78
1 28 69
13 16 51
4 52 71
1 22 31
9 4 53
3 44 79
6 18 50
14 59 77
1 25 72
13 75 78
9 8 59
1 67 74
6 21 60
2 23 28
8 45 74
13 8 29
1 10 70
3 70 77
1 2 66
13 11 34
6 70 74
1 22 44
1 13 75
4 23 26
2 22 68
6 59 64
13 60 75
13 11 70
13 12 35
13 44 67
7 23 59
1 5 76
2 11 31
3 28 52
13 45 68
13 3 71
3 6 70
8 33 40
4 1 16
3 17 79
6 4 20
2 52 68
1 2 43
8 22 67
2 2 67
1 25 26
13 8 42
13 11 47
1 35 76
13 4 8
9 31 33
4 23 39
